
audio.rate=48000
audio.type=int32

mic.num=8
in.mics =0,1,2,3,6,7
rs.mics =0,1,2,3,4,5
aec.mics=0,1,2,3
ref.mics=4,5

in.mics.big.0 =0.5
in.mics.big.1 =0.5
in.mics.big.2 =0.5
in.mics.big.3 =0.5

bf.mics=0,1,2,3

mic.pos.0= 0.02121320, 0.02121320, 0.00000000
mic.pos.1= -0.02121320, 0.02121320, 0.00000000
mic.pos.2= -0.02121320, -0.02121320, 0.00000000
mic.pos.3= 0.02121320, -0.02121320, 0.00000000
mic.pos.4= 0,0,0
mic.pos.5= 0,0,0
mic.pos.6= 0,0,0
mic.pos.7= 0,0,0




mic.delay=0,96000,0,96000,0,96000,0,0


ns=0
codec=true

light.angle0=135
light.angle.mul=1
