
audio.rate=48000
audio.type=SHORT

mic.num=4
in.mics=0,1,2,3
rs.mics=0,1,2,3
aec.mics=0,1
ref.mics=3

bf.mics=0,1

mic.pos.0= -0.02088, 0, 0.00000000
mic.pos.1= 0.02088, 0, 0.00000000
mic.pos.2= 0, 0, 0
mic.pos.3= 0, 0, 0



mic.delay=0,0,0,0

ns=0
codec=1

light.angle0=0
light.angle.mul=-1

sl.micarray.shape = 1
sl.algo = 5
