
audio.rate=48000
audio.type=int16

mic.num=8
in.mics =0,1,2,3,4,5,6,7
rs.mics =0,1,2,3
aec.mics=0,1,2,3
ref.mics=6,7

bf.mics=0,1,2,3

in.mics.big.0 = 1
in.mics.big.1 = 1
in.mics.big.2 = 1
in.mics.big.3 = 1
in.mics.big.4 = 1
in.mics.big.5 = 1
in.mics.big.6 = 1
in.mics.big.7 = 1

mic.pos.0= 0.03000000, 0.00000000, 0.00000000
mic.pos.1= 0.00000000, 0.03000000, 0.00000000
mic.pos.2= -0.03000000, 0.00000000, 0.00000000
mic.pos.3= 0.00000000, -0.03000000, 0.00000000
mic.pos.4= 0,0,0
mic.pos.5= 0,0,0
mic.pos.6= 0,0,0
mic.pos.7= 0,0,0

mic.delay=0,96000,0,96000,0,0,0,0


sl.micarray.shape = 1
sl.algo = 5

codec=true

light.angle0=180
light.angle.mul=1
