
audio.rate=16000
audio.type=short

mic.num=8
in.mics =5,2,6,0,4,1,3
rs.mics =0,1,2,3,4,5,6
aec.mics=0,1,2,3,4,5
ref.mics=6,6

bf.mics=0,1,2,3,4,5

in.mics.big.0=4                  
in.mics.big.1=4                  
in.mics.big.2=4                  
in.mics.big.3=4                  
in.mics.big.4=4                  
in.mics.big.5=4 
in.mics.big.6=2

mic.pos.0=  0.0350, 0,           0
mic.pos.1=  0.0175, 0.03031098,  0
mic.pos.2= -0.0175, 0.03031098,  0
mic.pos.3= -0.0350, 0,           0
mic.pos.4= -0.0175, -0.03031098, 0
mic.pos.5=  0.0175, -0.03031098, 0
mic.pos.6=  0,0,0
mic.pos.7=  0,0,0

mic.delay=0,0,0,0,0,0,0,0

codec=false

light.angle0=0
light.angle.mul=1
rdc=false
