
audio.rate=48000
audio.type=INT32

mic.num=8
in.mics=0,1,2,3,4,5,6,7
rs.mics=0,1,2,3,4,5,6,7
aec.mics=0,1,2,3,4,5
ref.mics=6,7

bf.mics=0,1,2,3,4,5

mic.pos.0= 0.00000001, 0.03750000, 0.00000000
mic.pos.1= 0.00000000, -0.03750000, 0.00000000
mic.pos.2= 0.03247596, 0.01875000, 0.00000000
mic.pos.3= -0.03247595, -0.01875000, 0.00000000
mic.pos.4=-0.03247596, 0.018750000, 0.00000000
mic.pos.5=0.03247595, -0.018750000, 0.00000000
mic.pos.6= 0.0f,0.0f,0.0f
mic.pos.7= 0.0f,0.0f,0.0f



mic.delay=0,96000,0,96000,0,96000,0,96000

ns=0
codec=1

light.angle0=270
light.angle.mul=-1

sl.micarray.shape = 2
sl.algo = 5
