audio.rate=48000
audio.type=int16

mic.num=6
in.mics =0,1,2,3,4,5
rs.mics =0,1,2,3
aec.mics=0,1,2,3
ref.mics=4,5

bf.mics=0,1,2,3
# bf12.1=true

in.mics.big.0 =10.0
in.mics.big.1 =10.0
in.mics.big.2 =10.0
in.mics.big.3 =10.0
in.mics.big.4 =10.0
in.mics.big.5 =10.0

mic.pos.0= 0.06450000, 0.00000000, 0.00000000
mic.pos.1= 0.02150000, 0.00000000, 0.00000000
mic.pos.2= -0.02150000, 0.00000000, 0.00000000
mic.pos.3= -0.06450000, 0.00000000, 0.00000000
mic.pos.4= 0,0,0
mic.pos.5= 0,0,0
mic.pos.6= 0,0,0
mic.pos.7= 0,0,0

rdc.skip=50000
mic.delay=0,0,0,0,0,0

# codec=true

light.angle0=0
light.angle.mul=1

sl.micarray.shape=1
sl.algo=5
aec.align.max.delay=16000
