
audio.rate=48000
audio.type=short

mic.num=4
in.mics =0,1,2,3
rs.mics =0,1,2,3
aec.mics=0,1
ref.mics=2,3
bf.mics=0,1

in.mics.big.0 = 1
in.mics.big.1 = 1
in.mics.big.2 = 1
in.mics.big.3 = 1

mic.pos.0= 0.02750000, 0.00000000, 0.00000000
mic.pos.1= -0.02750000, 0.00000000, 0.00000000
mic.pos.2= 0.00000000, 0.00000000, 0.00000000
mic.pos.3= 0.00000000, 0.00000000, 0.00000000

mic.delay=0,0,0,0


codec=true

light.angle0=0
light.angle.mul=1

sl.micarray.shape = 1
sl.algo = 5
